                                |            d-10-01                         d-10-06                           d-10-07                            d-10-08                             d-10-09                            d-15-01        
         FILE              |
                                |
No. Of         No. Of       
Nodes(BT)   Fails                       
-----------------------------------------------------------------------------------------------------------------------------------------------------------------------------------------------------------------
  SCHEME
------------------

MAC+brelaz                   58 (0)           0                 58 (0)         0                 166 (108)    19                    65 (7)         2               2939 (2881)    607           197351        43333
                                                                                                                                                                                                                                            (197244)

MAC+domddeg           456 (398)       178               70 (12)       8                   93 (35)      13                 230 (172)     70                  72 (14)        10             425152       149899
                                                                                                                                                                                                                                            (425045)

MAC+sdf                    173 (115)        24                58 (0)          0                292 (234)    50                 160 (102)      24                 58 (0)            0             1071714      270047
                                                                                                                                                                                                                                            (1071607)

MAC+random             456 (398)      178                70 (12)       8                   93 (35)      13                 230 (172)     70                  72 (14)        10            425156       149899
                                                                                                                                                                                                                                           (425049)


FC+brelaz                      58 (0)          0                  58 (0)          0                303 (245)    17                     70 (12)       2              5540 (5482)    609             454059        43137
                                                                                                                                                                                                                                             (453952)

FC+domddeg          7885 (7827)     2525             950 (892)    294           2363 (2305)   785            3353 (3295)    1016           353 (295)      100         65033686    24140196
                                                                                                                                                                                                                                         (65033579) 

FC+sdf                         349 (291)     23                 58 (0)          0                586 (528)     38                  303 (245)     21               58 (0)             0              2426189      263796
                                                                                                                                                                                                                                            (2426082)

FC+random            7900 (7842)     2527             943 (885)    289           2361 (2303)   785            3292 (3234)     997            357 (299)      101         65054597    24140196
                                                                                                                                                                                                                                        (65054490)


BT+brelaz                      58 (0)          0                 58 (0)          0                 303 (245)    17                     70 (12)       2              5540 (5482)    609           454059        43137
                                                                                                                                                                                                                                           (453952)

BT+domddeg        15754 (15696)   4600         5668 (5610)  2221       15039 (14981)   4602          6978 (6920)     2101          831 (773)       259    202144870   69810920
                                                                                                                                                                                                                                    (202144763)

BT+sdf                         349 (291)     23                58 (0)          0                 586 (528)    38                  303 (245)        21             58 (0)             0           2426189      263796
                                                                                                                                                                                                                                         (2426082)

BT+random          15902 (15844)   4622         5716 (5658)  2221       15104 (15046)   4602          6967 (6909)     2123          796 (738)       246    202394517   69758060
                                                                                                                                                                                                                                    (202394410)